$ANSIBLE_VAULT;1.1;AES256
35333464353233396337376133613737613238666230633263636639376665333931666264353437
6465633530333566313364373362376332353930656462350a346439303233323032373036336630
66653338643732303366303461343837323939666537353830353637326662626361313539616462
3133356434323134630a336663386633303535363234353534353461653734316361383565633837
32396464306134613861373464353231386638643932653730343339636135346230373536306266
61363965303966316262663465343563663639626331333332633336653036363364353466393830
39366334656139353136383833373536626136343231663834333666336637393865613330323739
33343036333337316639653634653133313064386133653039623761386166623232653564663163
31623939623662633937383261343666383431313766653037626563656564663939633161396561
33333532396130666336643464313434383930633436613937313866366133653265363037323135
34386564393033363162306634393939383030326162633962366139323535373737393230386265
34653662636564373964343730303134393636633836373937313839616533346462613136303162
38306661383332393861643832666236623932313839646639366132306331633539386337643239
39336461613931376136396364393639383035653333646265623834383831333439326536653538
39353633623362653461386332356665623930303635303466393461363266306161666437306164
30316334633066313631323736376138646661363038643335363339393432613462383732376138
63323537623539376632323861626135636365613931393831623965336265653334626235336332
32633964646635343166373631666537343536306431636539663933643537366639616435313263
33643964396563313036353562396566633630623138653531383737613766346634663738663232
66326363623963393762303765663838633966303364313363343965316536653939373863393264
61386137346361623834386530313964613432386533363162666666623439616537386531363561
34313635663961346262613562646165343333386132663361656332366439343465376438323433
37666631326364393437663930373365646234313732363033666164383531656334623662306332
37623332316433396236616335323865316134343266316262326233633930363335336164626335
38333761643433393265666333333165303936313465333063653435303333333830363933353239
65623530353735613366313063336130663261626439303661636233653539393834313366303936
65633032356338316533633836323034316235373535633435346338323831633438643466646138
34363565663838643336303633303638376637636635303962303835356434626635366539393239
33313265323936613239623630343132613830643163333166626364663465353363623366393930
32653761396635623939623639666361633032653439343032623034333662636139393939383264
39643263353336646432336130613135303131316137656232613334623030326130313036646632
37386130303561643534343438326639633161623932383366363633353632316262396233396463
62663961636237663434373461303033316564346338356538326333326438346138316664626530
63393431663039393862346263306564656564363233323362383536353366366332396133636466
39386431343437313735643662396139396265326665396464356366323639343034636166326538
65656632666664313962653831643835633364323438633339333464396566366433613633383439
35376563663334333732376534356135643237633834346239636235363165633561343431616261
66663462373338333331376231366536353930653339336436316139353430663139346165663132
62653532303635306664663431643461616535313136626164366139356666306233633634363338
30323332323231373038366434373238613631356630646630663337653032373463656437643233
62643436653039326132376438636639346130366465616535333964373033383764636236646137
37316161313763646563633064646464623764353532336230643737303063633562643730616136
61636333323331356562623763653565656262636634643962613034623262303338663439623562
38623834626630613539313635353035343036386266396234396333336231653065653833356233
66636363663665363630306434613633616563316433343736363161666666306362353139653332
34653435383962303937376536613138663432663664333732353031376661376230623164653463
38623838353630393562623763383037366561353861393235633562383139386563353566356533
65666561666437646636653133643661313063653662373362666131396464333030333634623966
32316431623330306164666639656230396239376465653135646166373535396666653232386336
65613434316261356464623734336437643230373735613730346561393933363230633930343636
65616464346465653638353231333736636535646634666563316335643464343232653465383365
61663462323633313138626535366134623561616230356130306562386162666133366366386338
36316637316332313965333362616462633830353863663838393934626163643935636361373034
34326636396264663032303439306562303834323435653931386162363933613131643533396532
633630643230623766313866643033623363
