$ANSIBLE_VAULT;1.1;AES256
37303837623061353437376334643464343465373833303738353065356434346638366364326664
6161386532376462346561373436663930656235363630640a333134656630633466323263616561
35626364313264356163386637373063383733643566653634323631383034653663623363353230
3964326532353130630a383338663830386531616566616661366337353134373466656461666531
63396262333037633830373666333239623437623766316633343138356235356662386363383963
33646335656636343562363763356265653161363137383938373933323266663863623833663263
66376661303530363339303466383236353637353538303865633962333131663533393634633732
39336163643464386565383163666135326436366336336236376262313838356262383961346662
30373165623464323363333732356231343464366362383164626134303939333033663835623162
35393935646661613832613939323533663136383938656132336235353561643338616234623135
62666265613061656638376231303766393031356637643734363739336264356630643634626366
38653230623162353662653037386634666333643739326366613462313965396233666563653962
63313662353730323832306262353935353139626162313733396137333737316639346132383936
61393831623234346562373664646163666165316631663234393434356536336330626336356662
33373964386136666135636433643431363666653466366631643037613239656230363361386233
66343132646335313430636362343330633364653737633035613136303163656133333264303765
32313564306331316333336463363938323266663338306561613862633630353566646331653330
36616164346634616433346432626239373261666435363961633736656436653638656332623966
35613066643434656533643535633839346132616633383237393438613030336339303162636138
62663936646366376637306237646161643439326138613164666330623661653031633033393433
32396662623038393832303662376535643134366537613134353636323861333161313935656630
33653830343564373963636539623739303836363530626338633938636437343631323163653361
31656235353166663462356639366461306235363030313336313265303761646338316530346165
31613162313064613662383364633230636234633139656564633133643462303861396130613963
31316436333234626130643662363961363033653366666636383034636137316233636232633935
30353430353539363435623535616163623330363935386135626137376633313066616431333033
61396632353663393665373763653636663735363532666234313439366463383237333935336165
33623236343866356239656564393630656434636661633664383934633238346136373139616661
38396437643466323132653337343565633965343339363933356238336533653235643465666231
34333136653437643165376337316362386530646537353532653533316361636465643338636564
34353535363039386563353339346231326337633333653364386266343265663339363830623235
31326435363438663130323464653638323738336661323463663738343932396530646563363064
39356232333564343365353066653633313833323136376161333263356461306134386235633530
33663661626339343663316234613030393937313832656164643830313438633233353534376634
32333165323835623366653664383430383863373163366661623963303361393036626565326637
38303666363162373262656336363239353238323363623335616537623132356661656264396664
31343063333163636634643066633832633866356164326161316438623939633765326434343931
62393234346239353466393963343661666163633364366661663061646134303639313839373163
65303861383137313062646562353435333331633362616339636564613431643965323365323634
33366534383439656330643136343432633438343933633439313637353664313038373562656130
66633734306163656536393863613164373230633461663562653232346334613133636264363539
35656431633738663036303730663530353630616135623065346435353864626438363335613836
33633465373961303432373437363834623362626431373664393263346537383733396230623835
61333232343034323437663536646133323235333430386265643137323463366332663434396139
63666335386239346535363134646332336132653630623163643733346661396366303161306131
63313037326334306661303764363238626233666663356466313138613635383833616461336532
36326338303132336361613361396663326364316535653831653164393162373066303332376130
64343861323132343430613138336637353365383965346263336534613163336534353531366435
34616163326430656136363231353033356231343361373130643636393438326233623437646131
62343266363930623739616262383739626130616464376630396636366262356530623036376532
33303366663837366133363338353165613233386335326562336531383938666532333764343139
61353239633132316364646433613035303366343163336134373366646263623034643665393232
66666530393035653365366332623462306531336362376262343338623063363638373730353738
38613436303439303561336535333864366636303534316362313934653461633336313039663832
376430376163663635663632373433613861
